{"Name": "RNSOLT","DataType":"Float64","Dimensions":2,"Configurations":{"decimationFactor":[2,2],"polyphaseOrder":[4,4],"nChannels":[4,4],"nVanishingMoment":0,"initMatrices":[[[1.0,0.0,0.0,0.0],[0.0,1.0,0.0,0.0],[0.0,0.0,1.0,0.0],[0.0,0.0,0.0,1.0]],[[0.010088385792491562,0.0,0.039808108814248434,0.9991564136534054],[-0.20840633612335896,-0.005147666417929425,-0.9771675001688107,0.04103629135197867],[-0.6510309865700367,-0.7454945700480399,0.1428135849839553,0.0008834582975483115],[0.7298107138576304,-0.6664918210746009,-0.15219484561081817,-0.0013051240466726394]]],"propMatrices":[[[[0.16746509986839145,-0.9697189703525511,0.09283589648766837,0.15159833504293116],[0.05683014972560884,-0.1535353978427309,-0.10437522165759011,-0.9809704525597945],[-0.9826188866098924,-0.16918936610469598,0.06653562130888793,-0.03752456757468358],[0.05644376037942678,0.08629576203240631,0.9879576511795939,-0.11535520293933879]],[[0.9785299351698102,0.19175491199595568,0.0007318790995098569,-0.07555583402341605],[-0.19549495791616864,0.9696334477439018,0.12932808013377173,-0.06976350144984245],[0.02121906055420801,-0.13126235349949614,0.9899216371237072,-0.048734981043288605],[0.06173037238766108,0.07623139310986386,0.05769631180773997,0.9935035336792688]],[[-0.9063127895014835,-0.10627466699797007,0.2249394028004421,-0.3416212636945928],[0.09432719523854528,-0.9566456353292647,-0.249513899101818,-0.11693726009662],[-0.3330368951394494,0.1712999160150188,-0.8954520397572163,0.24064166252701055],[0.24245810834109935,0.21021694111842054,-0.2920799954078145,-0.9009507087788108]],[[0.7707951793705913,0.2992888837916638,0.54909293632651,0.121646630755353],[-0.3586730810555623,0.9128823831277908,0.047783483388149896,-0.1889870742043743],[-0.4665089461193138,-0.25928287909463615,0.8309657960064161,-0.15696381005335844],[-0.24412663839862972,0.09921848226042113,0.07556144426259241,0.961690358349856]]],[[[-0.9714962207751221,0.13438415116197405,0.1946465389402464,-0.01577078992042007],[-0.13901561634155005,-0.9567702286643218,-0.053522432279256106,-0.2498013955079374],[-0.17116520316920067,0.12813488557293926,-0.9581755736683756,-0.19021959506984373],[0.08701853053735391,0.2238595107591076,0.20284882091541692,-0.9492981884734837]],[[0.930571159505139,-0.34232838393068543,-0.0644413983388055,0.11267608811458514],[0.3514072699044877,0.9266984577215498,0.13276248970470955,-0.010817598725342414],[-0.02034745789305386,-0.1224304507027414,0.9354120596968527,0.33106048431020235],[-0.10067883944914197,0.09514216075237045,-0.3212875753608253,0.9367956204281199]],[[-0.990207761595386,-0.1290560118126473,0.052423581559102345,-0.009214270876477493],[0.13158668312308697,-0.989023677972092,0.04141149361745143,-0.05293578592589002],[-0.045135396665329765,-0.0616592612656882,-0.9525497648041196,0.2946351592048195],[-0.011676029666918573,0.037078912143413974,-0.29696094333178613,-0.9540980152693821]],[[0.9664329130639047,-0.1774944182143525,-0.03949808411703578,0.18150222423057846],[0.23050920900109886,0.7711750912615488,0.46175272064533207,-0.37274509810333334],[-0.031150419958895167,-0.5704450115403426,0.7907359992651889,-0.21990616092144002],[-0.10909894797332959,0.2199481732800457,0.39995112925681403,0.8830398149733019]]]],"matrixC":[[0.5000000000000001,0.5000000000000001,-0.5000000000000001,-0.5000000000000001],[0.5000000000000001,-0.5000000000000001,0.5000000000000001,-0.5000000000000001],[0.5000000000000001,-0.5000000000000001,-0.5000000000000001,0.5000000000000001],[0.5000000000000001,0.5000000000000001,0.5000000000000001,0.5000000000000001]]}}
